-1.80179
3.49616564417178
-1.70527
3.57708588957055
-1.60365
3.33141104294479
-1.49861
2.81013496932515
-1.39859
2.33992944785276
-1.30025
1.93096932515337
-1.21193
1.62414417177914
-1.10029
1.27632515337423
-1.00033
1.00003374233129
-0.902047
0.784990797546012
-0.807104
0.600588957055215
-0.708838
0.436576687116564
-0.597264
0.303083435582822
-0.502349
0.210537116564417
0
0
0.502349
0.210537116564417
0.597264
0.303083435582822
0.708838
0.436576687116564
0.807104
0.600588957055215
0.902047
0.784990797546012
1.00033
1.00003374233129
1.10029
1.27632515337423
1.21193
1.62414417177914
1.30025
1.93096932515337
1.39859
2.33992944785276
1.49861
2.81013496932515
1.60365
3.33141104294479
1.70527
3.57708588957055
1.80179
3.49616564417178
